training : 3999 / 40000
t=
0 0 0 0 0 1 0 0 0 0 0 0 0 0 0 0 0 0 0 1
0 1 0 0 1 0 0 0 0 0 0 0 0 0 0 0 0 0 0 0
0 0 0 0 0 0 0 0 0 0 0 0 1 0 0 0 0 0 0 0
0 0 1 0 0 0 0 0 0 0 0 0 0 0 1 0 0 0 0 0
1 0 0 0 0 0 0 0 0 0 0 0 0 0 0 1 0 0 0 0
0 0 0 0 0 0 0 0 0 0 0 0 0 0 0 0 0 0 0 0
0 0 0 0 0 0 0 1 1 0 1 0 0 0 0 0 0 0 1 0
0 0 0 0 0 0 0 0 0 0 0 1 0 1 0 0 0 0 0 0
0 0 0 1 0 0 1 0 0 1 0 0 0 0 0 0 0 0 0 0
0 0 0 0 0 0 0 0 0 0 0 0 0 0 0 0 1 1 0 0
o= 0.00746202 2.32571e-05   0.0210968 0.000666673   0.0149612    0.873926    0.295823  0.00266078   0.0254062   0.0969422    0.105584   0.0522201   0.0998471  0.00344828  0.00519448   0.0122021   0.0970476 0.000220044  0.00412683    0.939241
   0.175076    0.173209   0.0345174   0.0536662    0.946992 6.30902e-06    0.282958   0.0097289   0.0154846    0.319769   0.0155563  0.00535571  0.00824865    0.406761 0.000234034 0.000224257  0.00827262    0.072598  0.00860735  0.00294264
  0.0328437  0.00844551  0.00450839    0.860313  0.00447317 1.09043e-05  0.00151457    0.605895   0.0206274   0.0954984   0.0223426    0.028848    0.198412    0.781363   0.0387495 0.000796184   0.0055185   0.0544899  0.00286783  0.00366961
  0.0120046    0.025825    0.927175    0.135388  0.00799572 1.82691e-05   0.0222077  0.00383854   0.0210426     0.29815    0.148438   0.0690656    0.466831   0.0137516    0.954036  0.00424971    0.104713    0.875405   0.0108353    0.036535
  0.0466212    0.380005   0.0400529  0.00057048   0.0642571 0.000208188    0.187788 5.86313e-05    0.943225    0.335076     0.10171  0.00851419    0.273559   0.0361709  0.00619758    0.935723    0.325652  0.00382171 0.000251073 0.000794189
   0.785128     0.58541    0.160466  0.00187419  0.00851869 0.000997948   0.0310397  0.00434964 0.000230551   0.0215124    0.838356  0.00196679    0.462677  0.00333579   0.0188249   0.0343154    0.152397   0.0598801  0.00229954  0.00414427
   0.104567   0.0521772   0.0231088     0.32719    0.203953   0.0916762   0.0034711    0.995007   0.0531368 0.000496463  0.00207896 0.000433741  0.00786566    0.201893  0.00665187    0.401274   0.0301944    0.406725     0.99379 0.000744202
  0.0396685    0.406269  0.00293903  0.00667514  0.00410757  0.00699399   0.0414535  0.00033695 0.000307094  0.00078924  0.00178737    0.986822   7.359e-05    0.327206 0.000609909    0.134226   0.0465297   0.0238199 0.000153665    0.007649
  0.0433342    0.406393   0.0904801    0.371774    0.299211 0.000273965   0.0868162 0.000197672  0.00271617    0.342723   0.0684261 0.000129939  0.00277415    0.105963    0.225014   0.0195173   0.0186391    0.524658    0.098097 0.000488417
   0.629074   0.0388696    0.077941  0.00432719    0.159168   0.0415024    0.417494 0.000102501   0.0240343    0.175613  0.00686652   0.0024042 0.000667444    0.322388 0.000855975    0.114921    0.811658   0.0066758    0.356736  0.00747272
