training : 1999 / 40000
t=
0 0 0 0 0 0 0 0 1 0 0 0 0 0 0 0 0 0 0 0
0 0 0 0 0 0 0 0 0 0 0 0 0 0 0 0 0 1 0 1
0 0 0 0 1 0 0 0 0 0 0 0 0 0 0 0 1 0 0 0
0 0 0 0 0 0 0 0 0 1 0 0 0 0 0 0 0 0 0 0
1 0 0 0 0 1 1 1 0 0 0 0 0 0 0 0 0 0 1 0
0 1 1 0 0 0 0 0 0 0 0 0 1 0 0 0 0 0 0 0
0 0 0 0 0 0 0 0 0 0 1 0 0 0 1 0 0 0 0 0
0 0 0 1 0 0 0 0 0 0 0 0 0 0 0 1 0 0 0 0
0 0 0 0 0 0 0 0 0 0 0 1 0 1 0 0 0 0 0 0
0 0 0 0 0 0 0 0 0 0 0 0 0 0 0 0 0 0 0 0
o=  0.0106804    0.042902    0.302877   0.0639938  0.00677675   0.0140827  0.00437143    0.051502    0.934039  0.00923462    0.958312   0.0112183     0.23616    0.461021  0.00453524  0.00249951   0.0107112   0.0861413 0.000351722   0.0475903
  0.0105814   0.0731793  0.00242429   0.0242486   0.0152042  0.00882031  0.00947755   0.0222423 6.54945e-05  0.00041971 0.000602454    0.138761  0.00146847    0.591248    0.228868 0.000188419   0.0227762    0.940453   0.0520189     0.96032
0.000423854   0.0002066 0.000195936   0.0132006    0.891516 0.000579921   0.0948214   0.0128065 0.000495086 0.000809571   0.0132644    0.731201 0.000919195    0.110563   0.0947417   0.0130705    0.445731   0.0591382 0.000762997   0.0453972
0.000106518  0.00105395   0.0139406   0.0028876   0.0610659  0.00061366 0.000301676  0.00376038  0.00250858    0.951805  0.00226685    0.187857    0.570753   0.0313079   0.0388582  0.00145528  0.00744666   0.0296224 1.19744e-05   0.0543699
    0.96929   0.0514342   0.0284794  0.00624143   0.0191153    0.869043    0.128081    0.965825  0.00102895 0.000733555 7.61387e-05   0.0461826   0.0795392  0.00332814   0.0130574 0.000416208     0.89748  0.00550188    0.844239   0.0123166
  0.0107288     0.59772    0.204435   0.0118594    0.765634    0.125553    0.775545  0.00363015 0.000237514    0.044053 7.34034e-06   0.0287026    0.411875   0.0138923    0.284478  0.00171218   0.0912005  0.00638113    0.136779 0.000949898
  0.0109407 0.000754071 0.000167244  0.00188919  0.00487368  0.00613888  0.00565347  0.00407874   0.0638378   0.0350889   0.0263858   0.0437378 0.000345306  0.00353657    0.696311 1.09891e-05 0.000398939    0.120175   0.0119969    0.017065
0.000184504    0.898483  0.00024456     0.97755 0.000796335    0.162034   0.0898964    0.137021 7.68653e-05   0.0225241 9.15306e-06  0.00393719 3.35226e-06 0.000444224  0.00210256    0.997597 0.000629807  0.00477019  0.00602232  0.00392404
    0.12256 0.000711178    0.745086  0.00135043 0.000534098   0.0051559   0.0137611 0.000124167 0.000808554   0.0791369 1.17374e-07    0.136077  0.00104286 0.000218996   0.0710096 1.91861e-05  0.00113253   0.0495157    0.451878   0.0025656
   0.333667  0.00324786   0.0063449   0.0104035  0.00866598   0.0357574    0.037037  0.00325732  0.00104597   0.0741179  0.00015828   0.0298703  0.00841343 9.62874e-05   0.0584484  0.00232369  0.00662358   0.0835455    0.378604    0.305556
