training : 2999 / 40000
t=
0 0 0 0 0 0 0 0 0 0 0 0 0 0 0 0 0 0 0 0
0 0 0 0 0 0 0 1 0 0 0 1 0 1 1 0 0 0 0 0
0 1 0 1 0 0 0 0 0 0 0 0 1 0 0 0 0 0 1 0
0 0 0 0 0 0 0 0 0 1 0 0 0 0 0 1 0 0 0 0
1 0 0 0 0 0 0 0 0 0 0 0 0 0 0 0 0 0 0 0
0 0 0 0 1 0 1 0 0 0 0 0 0 0 0 0 0 0 0 0
0 0 1 0 0 0 0 0 0 0 0 0 0 0 0 0 0 0 0 1
0 0 0 0 0 0 0 0 0 0 1 0 0 0 0 0 0 1 0 0
0 0 0 0 0 1 0 0 1 0 0 0 0 0 0 0 0 0 0 0
0 0 0 0 0 0 0 0 0 0 0 0 0 0 0 0 1 0 0 0
o= 0.00829353 0.000382036  0.00346533 8.01096e-05    0.136955  0.00014873   0.0366737    0.010583     0.11836    0.127526  0.00181247   0.0274571   0.0261042    0.181141  0.00161436    0.217122   0.0183168 0.000679533  0.00314717   0.0166316
  0.0127368 0.000627195  0.00619631  2.5289e-05   0.0376487 0.000197648     0.30655    0.983938  0.00195429   0.0020488  0.00335456    0.950652   0.0007207    0.723966    0.995265  0.00317982    0.864535  0.00743891   0.0110908   0.0286164
   0.225647    0.997745   0.0642074     0.99043   0.0182413   0.0275786   0.0893584   0.0277922   0.0206672     0.57652  0.00406668   0.0536293    0.351559    0.148224 0.000671979   0.0102358   0.0629793  0.00136967    0.943011   0.0575445
  0.0177275  0.00160672    0.005406  0.00693486    0.203006  0.00201248    0.278352     0.43359    0.450944   0.0469095   0.0172272    0.103984    0.619137    0.252137  0.00179836    0.303965  0.00621888 0.000724082  0.00959096   0.0135977
   0.157863 0.000197178     0.16463  0.00247882  0.00590295 2.52793e-05   0.0724168   0.0510304   0.0684307  0.00226591  0.00298417   0.0244695     0.02902  0.00593566   0.0353616  0.00116576   0.0290926   0.0101596  0.00438658    0.739854
   0.788855 0.000177799    0.783943 5.35104e-05    0.908754  0.00222306    0.474832   0.0320893    0.168188    0.259913   0.0809571   0.0816752  0.00955927   0.0274437   0.0127408    0.601526   0.0141838  0.00342815 0.000632082   0.0633935
  0.0214578    0.218698    0.045776   0.0368526  0.00257755  0.00136192   0.0021054   0.0255045 0.000478442   0.0734115 0.000619399    0.140596  0.00826403   0.0759257   0.0656902   0.0132605   0.0231253 3.33983e-05    0.836955    0.836464
  0.0245116    0.063412  0.00314413 4.74922e-05 0.000361271  0.00205876  0.00654553  0.00399058 4.81416e-05   0.0027411    0.914985   0.0355636 8.17179e-05   0.0434968    0.011083    0.030674    0.179699    0.999819   0.0505492   0.0102812
   0.203649     0.02296    0.109341    0.423988  0.00012782    0.996211     0.39496    0.017339   0.0196468    0.319128    0.153938   0.0419156   0.0370203   0.0237001   0.0182636   0.0222744 0.000491493 6.91951e-05   0.0118211  0.00444856
  0.0340479    0.110787    0.254667    0.100635 8.74776e-05 0.000363005      0.4534   0.0353091    0.740713 0.000950544    0.021759    0.230366  0.00313962  0.00875531    0.150746   0.0121289     0.59181 6.14008e-05    0.115494    0.035192
