training : 999 / 100000
t=
0 0 0 0 0 0 0 0 0 0 0 0 0 0 0 1 0 0 0 0
0 1 0 0 0 1 0 0 0 1 0 0 0 0 0 0 0 0 0 0
0 0 0 0 0 0 0 0 0 0 1 0 0 0 0 0 0 0 0 0
0 0 0 0 1 0 0 0 0 0 0 0 0 0 0 0 0 0 1 1
1 0 0 1 0 0 0 0 1 0 0 1 0 0 0 0 1 0 0 0
0 0 1 0 0 0 0 0 0 0 0 0 0 0 0 0 0 0 0 0
0 0 0 0 0 0 0 0 0 0 0 0 1 0 0 0 0 0 0 0
0 0 0 0 0 0 0 1 0 0 0 0 0 1 1 0 0 0 0 0
0 0 0 0 0 0 0 0 0 0 0 0 0 0 0 0 0 1 0 0
0 0 0 0 0 0 1 0 0 0 0 0 0 0 0 0 0 0 0 0
o=2.42328e-10 1.27653e-11 1.45135e-12 5.15578e-16 1.09806e-07 2.84584e-17 7.34888e-16 1.21271e-12  6.2251e-25 2.10102e-08 5.92539e-08 0.000837342 3.81697e-06 3.57824e-17 7.05284e-21    0.999202  1.7233e-13 3.82643e-08 6.74132e-15 1.08173e-09
4.18334e-18    0.999999 4.87254e-11 7.25767e-11 2.66071e-19    0.999998 1.50575e-19 2.60906e-08 6.02798e-26    0.960886 3.68121e-15  1.4823e-13 4.41647e-09 2.94937e-27 8.35905e-32 1.95862e-21 9.73641e-22    0.943946 1.87182e-23 5.94886e-26
3.48626e-10 4.51188e-10 5.54329e-06  3.3122e-06  5.4715e-17 3.21816e-11  5.0735e-09 8.61566e-09 3.79286e-18 3.07294e-05    0.999809 8.27063e-05 2.69224e-05 6.38957e-27 2.19608e-28 0.000763645 2.55893e-20  7.9311e-06 1.33211e-13 2.54909e-05
2.84098e-08 5.68116e-08 1.57305e-06    0.207012           1 8.78027e-07 1.49838e-16 5.46188e-07 3.63371e-11 2.22472e-05 0.000188977  1.3197e-15 2.66951e-08 1.47569e-18 6.90024e-15  3.3708e-05 1.64983e-14 0.000967835    0.999889    0.991452
2.10849e-06 2.14684e-14 2.04384e-07    0.685272 1.73426e-18 2.07188e-09  0.00352301 1.05251e-13           1 1.80356e-12 2.60455e-08    0.400533 5.75084e-12 1.60616e-16 5.26432e-21 7.53441e-23    0.999996 1.29343e-11 8.82182e-16 1.48086e-18
9.93342e-12 1.14039e-07    0.998986  0.00067101 4.71281e-11 8.80587e-09 7.53419e-14 2.53468e-16  3.7247e-17 1.26333e-06 4.61179e-12 3.55112e-05 1.30395e-06 3.84979e-20 4.70104e-22 5.87576e-07 9.42883e-09 2.49093e-11 8.80727e-08 4.44885e-11
  8.219e-08 1.87547e-08 0.000766272 2.49831e-13 4.64173e-24 6.81351e-11 1.77933e-16 3.93894e-12 4.17538e-16 1.57341e-10  1.2746e-06 2.61476e-07   0.0131605 1.76317e-28  2.2743e-30  5.6017e-18 9.53837e-09 3.72418e-08 1.09179e-22  4.3146e-27
9.78037e-08  8.7563e-07 3.32241e-15 1.68419e-05  2.3375e-21 1.14552e-07 4.48611e-09    0.978927 1.34243e-13 2.68052e-07 1.57793e-18    0.147178 4.99963e-13           1           1 5.46935e-17 1.67694e-12    0.054671 4.77378e-07 7.43995e-10
3.00084e-05 1.43156e-10 0.000240354 6.92904e-10 1.25493e-10 7.74409e-09 2.95859e-08 3.91914e-11 1.42153e-14   0.0390591 6.96273e-09 0.000185449    0.986807 8.39243e-21 3.82047e-21 4.67142e-09 7.22031e-15 0.000370269 3.59408e-08  0.00842993
   0.999968 1.00161e-09 4.93337e-09    0.107024 2.60115e-21 7.79264e-07    0.996477   0.0210722 2.84716e-10 1.75317e-11 4.96294e-07    0.451148  4.2962e-10 7.22419e-09 1.73196e-13 3.30764e-15 4.36405e-06 3.73175e-05 0.000110792 9.24919e-05
e= 2.42328e-10  1.27653e-11  1.45135e-12  5.15578e-16  1.09806e-07  2.84584e-17  7.34888e-16  1.21271e-12   6.2251e-25  2.10102e-08  5.92539e-08  0.000837342  3.81697e-06  3.57824e-17  7.05284e-21 -0.000797927   1.7233e-13  3.82643e-08  6.74132e-15  1.08173e-09
 4.18334e-18 -1.07288e-06  4.87254e-11  7.25767e-11  2.66071e-19 -1.78814e-06  1.50575e-19  2.60906e-08  6.02798e-26   -0.0391136  3.68121e-15   1.4823e-13  4.41647e-09  2.94937e-27  8.35905e-32  1.95862e-21  9.73641e-22     0.943946  1.87182e-23  5.94886e-26
 3.48626e-10  4.51188e-10  5.54329e-06   3.3122e-06   5.4715e-17  3.21816e-11   5.0735e-09  8.61566e-09  3.79286e-18  3.07294e-05 -0.000190914  8.27063e-05  2.69224e-05  6.38957e-27  2.19608e-28  0.000763645  2.55893e-20   7.9311e-06  1.33211e-13  2.54909e-05
 2.84098e-08  5.68116e-08  1.57305e-06     0.207012 -1.19209e-07  8.78027e-07  1.49838e-16  5.46188e-07  3.63371e-11  2.22472e-05  0.000188977   1.3197e-15  2.66951e-08  1.47569e-18  6.90024e-15   3.3708e-05  1.64983e-14  0.000967835 -0.000111401  -0.00854784
   -0.999998  2.14684e-14  2.04384e-07    -0.314728  1.73426e-18  2.07188e-09   0.00352301  1.05251e-13            0  1.80356e-12  2.60455e-08    -0.599467  5.75084e-12  1.60616e-16  5.26432e-21  7.53441e-23 -4.35114e-06  1.29343e-11  8.82182e-16  1.48086e-18
 9.93342e-12  1.14039e-07  -0.00101405   0.00067101  4.71281e-11  8.80587e-09  7.53419e-14  2.53468e-16   3.7247e-17  1.26333e-06  4.61179e-12  3.55112e-05  1.30395e-06  3.84979e-20  4.70104e-22  5.87576e-07  9.42883e-09  2.49093e-11  8.80727e-08  4.44885e-11
   8.219e-08  1.87547e-08  0.000766272  2.49831e-13  4.64173e-24  6.81351e-11  1.77933e-16  3.93894e-12  4.17538e-16  1.57341e-10   1.2746e-06  2.61476e-07     -0.98684  1.76317e-28   2.2743e-30   5.6017e-18  9.53837e-09  3.72418e-08  1.09179e-22   4.3146e-27
 9.78037e-08   8.7563e-07  3.32241e-15  1.68419e-05   2.3375e-21  1.14552e-07  4.48611e-09   -0.0210728  1.34243e-13  2.68052e-07  1.57793e-18     0.147178  4.99963e-13            0            0  5.46935e-17  1.67694e-12     0.054671  4.77378e-07  7.43995e-10
 3.00084e-05  1.43156e-10  0.000240354  6.92904e-10  1.25493e-10  7.74409e-09  2.95859e-08  3.91914e-11  1.42153e-14    0.0390591  6.96273e-09  0.000185449     0.986807  8.39243e-21  3.82047e-21  4.67142e-09  7.22031e-15     -0.99963  3.59408e-08   0.00842993
    0.999968  1.00161e-09  4.93337e-09     0.107024  2.60115e-21  7.79264e-07  -0.00352305    0.0210722  2.84716e-10  1.75317e-11  4.96294e-07     0.451148   4.2962e-10  7.22419e-09  1.73196e-13  3.30764e-15  4.36405e-06  3.73175e-05  0.000110792  9.24919e-05
